100000000
000000000
000000000
000000000
000000000
000000000
000000000
000000000
000000000

110000000
000000000
000000000
000000000
000000000
000000000
000000000
000000000
000000000

111000000
000000000
000000000
000000000
000000000
000000000
000000000
000000000
000000000

111100000
000000000
000000000
000000000
000000000
000000000
000000000
000000000
000000000

111110000
000000000
000000000
000000000
000000000
000000000
000000000
000000000
000000000

----------------------------

100000000
100000000
000000000
000000000
000000000
000000000
000000000
000000000
000000000

100000000
100000000
100000000
000000000
000000000
000000000
000000000
000000000
000000000

100000000
100000000
100000000
100000000
000000000
000000000
000000000
000000000
000000000

100000000
100000000
100000000
100000000
100000000
000000000
000000000
000000000
000000000

----------------------------

111000000
100000000
100000000
000000000
000000000
000000000
000000000
000000000
000000000

111000000
001000000
001000000
000000000
000000000
000000000
000000000
000000000
000000000

100000000
100000000
111000000
000000000
000000000
000000000
000000000
000000000
000000000

001000000
001000000
111000000
000000000
000000000
000000000
000000000
000000000
000000000

----------------------------

100000000
110000000
000000000
000000000
000000000
000000000
000000000
000000000
000000000

010000000
110000000
000000000
000000000
000000000
000000000
000000000
000000000
000000000

110000000
100000000
000000000
000000000
000000000
000000000
000000000
000000000
000000000

110000000
010000000
000000000
000000000
000000000
000000000
000000000
000000000
000000000

----------------------------

100000000
111000000
000000000
000000000
000000000
000000000
000000000
000000000
000000000

001000000
111000000
000000000
000000000
000000000
000000000
000000000
000000000
000000000

110000000
100000000
100000000
000000000
000000000
000000000
000000000
000000000
000000000

110000000
010000000
010000000
000000000
000000000
000000000
000000000
000000000
000000000

----------------------------

100000000
110000000
100000000
000000000
000000000
000000000
000000000
000000000
000000000

010000000
110000000
010000000
000000000
000000000
000000000
000000000
000000000
000000000

010000000
111000000
000000000
000000000
000000000
000000000
000000000
000000000
000000000

111000000
010000000
000000000
000000000
000000000
000000000
000000000
000000000
000000000

----------------------------

110000000
100000000
110000000
000000000
000000000
000000000
000000000
000000000
000000000

110000000
010000000
110000000
000000000
000000000
000000000
000000000
000000000
000000000

101000000
111000000
000000000
000000000
000000000
000000000
000000000
000000000
000000000

111000000
101000000
000000000
000000000
000000000
000000000
000000000
000000000
000000000

----------------------------

010000000
111000000
010000000
000000000
000000000
000000000
000000000
000000000
000000000

----------------------------

100000000
010000000
000000000
000000000
000000000
000000000
000000000
000000000
000000000

010000000
100000000
000000000
000000000
000000000
000000000
000000000
000000000
000000000

----------------------------

100000000
010000000
001000000
000000000
000000000
000000000
000000000
000000000
000000000

001000000
010000000
100000000
000000000
000000000
000000000
000000000
000000000
000000000

Testing:

001111111
000101001
000001001
000001000
000001000
000000000
000000000
000000000
000000000